           1  0.600000024       2.27272725      -1.10000002       1.87500000       2.27272725    
           2   1.04727268       1.71590912     -0.805227280      0.885227263      0.989772737    
           3  0.932636380       2.05330563      -1.04934096       1.13088059      0.337396502    
           4   1.01519871       1.95369577     -0.968108654      0.973842740      0.157037854    
           5  0.988991380       2.01141453      -1.01028585       1.02135050       5.77187538E-02
           6   1.00319862       1.99224126     -0.994521797      0.994433820       2.69166827E-02
           7  0.998128533       2.00230694      -1.00197220       1.00359440       1.00656748E-02
           8   1.00062513       1.99867022     -0.999035537      0.998888373       4.70602512E-03
           9  0.999674141       2.00044775      -1.00036919       1.00061917       1.77752972E-03
          10   1.00011861       1.99976802     -0.999828160      0.999785960       8.33213329E-04
 
 solutions
   1.00011861       1.99976802     -0.999828160      0.999785960    
