           1   6.31250000       3.51953125      -6.65014648       7.65014648    
           2   2.62231445       3.95852661      -4.60042381       3.69018555    
           3   3.13330269       4.01026440      -5.09668589      0.510988235    
           4   2.95705152       4.00748348      -4.97348976      0.176251173    
           5   3.00372148       4.00292492      -5.00571299       4.66699600E-02
           6   2.99632764       4.00092602      -4.99828196       7.43103027E-03
           7   3.00005007       4.00025845      -5.00034857       3.72242928E-03
           8   2.99974537       4.00006485      -4.99989271       4.55856323E-04
           9   3.00000286       4.00001478      -5.00002193       2.57492065E-04
          10   2.99998546       4.00000286      -4.99999332       2.86102295E-05
          11   3.00000095       4.00000000      -5.00000191       1.54972076E-05
          12   2.99999976       3.99999952      -4.99999952       2.38418579E-06
 
 solutions
   2.99999976       3.99999952      -4.99999952    
