          iter      a               b                c
         ----------------------------------------------------
           1   1.00000000       2.00000000       1.50000000       1.00000000    
           2   1.00000000       1.50000000       1.25000000      0.200000003    
           3   1.25000000       1.50000000       1.37500000       9.09090936E-02
           4   1.25000000       1.37500000       1.31250000       4.76190485E-02
           5   1.31250000       1.37500000       1.34375000       2.32558139E-02
           6   1.34375000       1.37500000       1.35937500       1.14942528E-02
           7   1.35937500       1.37500000       1.36718750       5.71428565E-03
           8   1.35937500       1.36718750       1.36328125       2.86532962E-03
           9   1.36328125       1.36718750       1.36523438       1.43061520E-03
          10   1.36328125       1.36523438       1.36425781       7.15819595E-04
          11   1.36425781       1.36523438       1.36474609       3.57781741E-04
          12   1.36474609       1.36523438       1.36499023       1.78858885E-04
          13   1.36499023       1.36523438       1.36511230       8.94214463E-05
 root found at x=   1.36511230    
